72.619 89.2857 47.1731
72.2222 89.6825 46.9441
71.8254 90.0794 46.6743
71.4286 90.4762 46.2519
71.0317 90.873 45.8193
71.4286 90.873 46.0483
71.8254 90.4762 46.5064
71.4286 90.873 46.0483
71.8254 90.4762 46.5064
71.4286 90.873 46.0483
71.8254 90.4762 46.5064
71.4286 90.873 46.0483
71.8254 90.4762 46.5064
71.4286 90.873 46.0483
71.8254 90.4762 46.5064
71.4286 90.873 46.0483
71.8254 90.4762 46.5064
71.4286 90.873 46.0483
71.8254 90.4762 46.5064
71.4286 90.873 46.0483
71.8254 90.4762 46.5064
71.4286 90.873 46.0483
71.8254 90.4762 46.5064
71.4286 90.873 46.0483
71.8254 90.4762 46.5064
71.4286 90.873 46.0483
71.8254 90.4762 46.5064
71.4286 90.873 46.0483
71.8254 90.4762 46.5064
71.4286 90.873 46.0483
71.8254 90.4762 46.5064
71.4286 90.873 46.0483
71.8254 90.4762 46.5064
71.4286 90.873 46.0483
71.8254 90.4762 46.5064
71.4286 90.873 46.0483
71.8254 90.4762 46.5064
71.4286 90.873 46.0483
71.8254 90.4762 46.5064
71.4286 90.873 46.0483
71.8254 90.4762 46.5064
71.4286 90.873 46.0483
71.8254 90.4762 46.5064
71.4286 90.873 46.0483
71.8254 90.4762 46.5064
71.4286 90.873 46.0483
71.8254 90.4762 46.5064
71.4286 90.873 46.0483
71.8254 90.4762 46.5064
71.4286 90.873 46.0483
71.8254 90.4762 46.5064
71.4286 90.873 46.0483
71.8254 90.4762 46.5064
71.4286 90.873 46.0483
71.8254 90.4762 46.5064
71.4286 90.873 46.0483
71.8254 90.4762 46.5064
71.4286 90.873 46.0483
71.8254 90.4762 46.5064
71.4286 90.873 46.0483
71.8254 90.4762 46.5064
71.4286 90.873 46.0483
71.8254 90.4762 46.5064
71.4286 90.873 46.0483
71.8254 90.4762 46.5064
71.4286 90.873 46.0483
71.8254 90.4762 46.5064
71.4286 90.873 46.0483
71.8254 90.4762 46.5064
71.4286 90.873 46.0483
71.8254 90.4762 46.5064
71.4286 90.873 46.0483
71.8254 90.4762 46.5064
71.4286 90.873 46.0483
71.8254 90.4762 46.5064
71.4286 90.873 46.0483
71.8254 90.4762 46.5064
71.4286 90.873 46.0483
71.8254 90.4762 46.5064
71.4286 90.873 46.0483
71.8254 90.4762 46.5064
71.4286 90.873 46.0483
71.8254 90.4762 46.5064
71.4286 90.873 46.0483
71.8254 90.4762 46.5064
71.4286 90.873 46.0483
71.8254 90.4762 46.5064
71.4286 90.873 46.0483
71.8254 90.4762 46.5064
71.4286 90.873 46.0483
71.8254 90.4762 46.5064
71.4286 90.873 46.0483
71.8254 90.4762 46.5064
71.4286 90.873 46.0483
71.8254 90.4762 46.5064
71.4286 90.873 46.0483
71.8254 90.4762 46.5064
71.4286 90.873 46.0483
71.8254 90.4762 46.5064
71.4286 90.873 46.0483
71.8254 90.4762 46.5064
71.4286 90.873 46.0483
71.8254 90.4762 46.5064
71.4286 90.873 46.0483
71.8254 90.4762 46.5064
71.4286 90.873 46.0483
71.8254 90.4762 46.5064
71.4286 90.873 46.0483
71.8254 90.4762 46.5064
71.4286 90.873 46.0483
71.8254 90.4762 46.5064
71.4286 90.873 46.0483
71.8254 90.4762 46.5064
71.4286 90.873 46.0483
71.8254 90.4762 46.5064
71.4286 90.873 46.0483
71.8254 90.4762 46.5064
71.4286 90.873 46.0483
71.8254 90.4762 46.5064
71.4286 90.873 46.0483
71.8254 90.4762 46.5064
71.4286 90.873 46.0483
71.8254 90.4762 46.5064
71.4286 90.873 46.0483
71.8254 90.4762 46.5064
71.4286 90.873 46.0483
71.8254 90.4762 46.5064
71.4286 90.873 46.0483
71.8254 90.4762 46.5064
71.4286 90.873 46.0483
71.8254 90.4762 46.5064
71.4286 90.873 46.0483
71.8254 90.4762 46.5064
71.4286 90.873 46.0483
71.8254 90.4762 46.5064
71.4286 90.873 46.0483
71.8254 90.4762 46.5064
71.4286 90.873 46.0483
71.8254 90.4762 46.5064
71.4286 90.873 46.0483
71.8254 90.4762 46.5064
71.4286 90.873 46.0483
71.8254 90.4762 46.5064
71.4286 90.873 46.0483
71.8254 90.4762 46.5064
71.4286 90.873 46.0483
71.8254 90.4762 46.5064
71.4286 90.873 46.0483
71.8254 90.4762 46.5064
71.4286 90.873 46.0483
71.8254 90.4762 46.5064
71.4286 90.873 46.0483
71.8254 90.4762 46.5064
71.4286 90.873 46.0483
71.8254 90.4762 46.5064
71.4286 90.873 46.0483
71.8254 90.4762 46.5064
71.4286 90.873 46.0483
71.8254 90.4762 46.5064
71.4286 90.873 46.0483
71.8254 90.4762 46.5064
71.4286 90.873 46.0483
71.8254 90.4762 46.5064
71.4286 90.873 46.0483
71.8254 90.4762 46.5064
71.4286 90.873 46.0483
71.8254 90.4762 46.5064
71.4286 90.873 46.0483
71.8254 90.4762 46.5064
71.4286 90.873 46.0483
71.8254 90.4762 46.5064
71.4286 90.873 46.0483
71.8254 90.4762 46.5064
71.4286 90.873 46.0483
71.8254 90.4762 46.5064
71.4286 90.873 46.0483
71.8254 90.4762 46.5064
71.4286 90.873 46.0483
71.8254 90.4762 46.5064
71.4286 90.873 46.0483
71.8254 90.4762 46.5064
71.4286 90.873 46.0483
71.8254 90.4762 46.5064
71.4286 90.873 46.0483
71.8254 90.4762 46.5064
71.4286 90.873 46.0483
71.8254 90.4762 46.5064
71.4286 90.873 46.0483
71.8254 90.4762 46.5064
71.4286 90.873 46.0483
71.8254 90.4762 46.5064
71.4286 90.873 46.0483
71.8254 90.4762 46.5064
71.4286 90.873 46.0483
71.8254 90.4762 46.5064
71.4286 90.873 46.0483
71.8254 90.4762 46.5064
71.4286 90.873 46.0483
71.8254 90.4762 46.5064
71.4286 90.873 46.0483
71.8254 90.4762 46.5064
71.4286 90.873 46.0483
71.8254 90.4762 46.5064
71.4286 90.873 46.0483
71.8254 90.4762 46.5064
71.4286 90.873 46.0483
71.8254 90.4762 46.5064
71.4286 90.873 46.0483
71.8254 90.4762 46.5064
71.4286 90.873 46.0483
71.8254 90.4762 46.5064
71.4286 90.873 46.0483
71.8254 90.4762 46.5064
71.4286 90.873 46.0483
71.8254 90.4762 46.5064
71.4286 90.873 46.0483
71.8254 90.4762 46.5064
71.4286 90.873 46.0483
71.8254 90.4762 46.5064
71.4286 90.873 46.0483
71.8254 90.4762 46.5064
71.4286 90.873 46.0483
71.8254 90.4762 46.5064
71.4286 90.873 46.0483
71.8254 90.4762 46.5064
71.4286 90.873 46.0483
71.8254 90.4762 46.5064
71.4286 90.873 46.0483
71.8254 90.4762 46.5064
71.4286 90.873 46.0483
71.8254 90.4762 46.5064
71.4286 90.873 46.0483
71.8254 90.4762 46.5064
71.4286 90.873 46.0483
71.8254 90.4762 46.5064
71.4286 90.873 46.0483
71.8254 90.4762 46.5064
71.4286 90.873 46.0483
71.8254 90.4762 46.5064
71.4286 90.873 46.0483
71.8254 90.4762 46.5064
71.4286 90.873 46.0483
71.8254 90.4762 46.5064
71.4286 90.873 46.0483
71.8254 90.4762 46.5064
71.4286 90.873 46.0483
71.8254 90.4762 46.5064
71.4286 90.873 46.0483
71.8254 90.4762 46.5064
71.4286 90.873 46.0483
71.8254 90.4762 46.5064
